1638600
702200
623866
412349
406480
364133
340228
354200
367000
366680
399254
354650
373430
346857
342360
341637
283258
290966
274873
309950
324790
343254
314756
277833
254288
272607
256926
311857
264827
266053
261490
280731
257200
328600
258240
254988
279340
258900
262297
260505
255053
334466
220186
209145
211062
216752
206731
224233
231061
268772
209984
208492
209750
211359
252414
225710
286571
282872
317247
310919
295091
287070
283717
281265
278295
278863
277552
280011
295043
276725
287464
281902
286208
282394
284514
301484
308319
282056
311075
279255
283422
289956
316171
279778
278790
290269
286777
278625
288465
346682
281824
281382
307522
279365
312174
300210
283694
298508
290507
279936
274423
281245
310378
284805
278064
291601
314534
278831
278568
283181
283270
277358
298371
279236
291226
285641
309107
285411
304744
284363
289755
291481
276447
282922
278296
281336
277998
278982
306581
281732
293604
313856
303090
300191
283957
288401
318414
291328
285680
302674
285157
293388
304123
280029
301209
282526
281956
278956
284371
285497
277511
297638
317695
291705
285578
306267
290742
348240
278201
291056
286190
285151
297392
291131
303260
487768
293747
298078
276728
289677
298176
284393
282521
296181
287028
283403
276665
289202
286729
280318
276438
297428
277178
291578
288142
300948
291237
336060
290030
283177
300713
290138
303489
294653
284502
281326
299076
288158
284037
284679
311425
298768
288445
287198
296310
285020
283285
298841
282820
276664
298954
295726
285924
284731
286438
287625
305741
282533
311235
305392
298314
294581
288015
282100
303023
281335
293503
279807
281006
278762
281220
285377
280561
278347
281164
286795
280177
283695
297630
277820
291015
285000
279479
284188
289356
289263
279824
286187
285766
286985
283154
280149
294117
280744
294342
282083
307564
289411
282328
286926
287778
281432
283738
288582
287826
286940
280011
276068
283192
279756
290595
295001
280687
289679
284182
283457
280636
284693
295878
283989
280899
281987
279911
286647
276744
290705
294083
283986
283251
285820
276232
287715
298597
289227
284834
284327
281390
288079
284614
294926
282285
288276
286980
283140
280311
288331
279185
282377
288774
290954
283811
293064
282169
299017
293293
280075
303164
289598
279774
286351
297122
289606
291339
296259
278841
282022
285154
287330
311817
291196
284347
277617
286598
292119
282041
290292
284828
302189
280271
291417
296346
290651
291603
281138
283200
291813
285601
287893
281417
292732
287801
290328
291125
287446
281840
284026
284599
297547
279181
285421
278623
280993
284894
287794
278910
286478
303071
292528
281940
286656
293020
295122
292146
292501
281780
291367
278686
277289
293340
280824
291564
302234
284733
291267
282049
280660
280733
285614
283689
279485
279362
286766
285387
279253
296683
294264
287654
285714
283097
293094
280863
277813
289819
286958
289098
279452
283307
277789
294311
296180
295169
286090
302674
362203
294694
282578
277741
282699
283978
289918
282086
288811
292228
286018
299605
287631
285756
287865
281009
294441
282535
294549
280902
283214
287367
287479
281042
278843
278369
293432
293148
282262
288330
296342
294594
285651
282301
279650
283867
290258
282580
283367
280473
280806
282075
292898
285103
281190
276987
283525
286731
284077
295186
284470
286183
285464
295495
295017
292027
290260
279700
284035
282861
288057
293431
279278
279010
279604
280132
282255
292128
284928
282925
316439
284879
292627
294666
284418
280507
310966
278812
280229
277351
279522
280010
324697
298226
277508
297945
293328
286794
283940
280968
298160
280795
294679
284246
319825
290428
284101
287899
290658
283806
357507
363656
279890
285409
288581
286034
282643
313521
286183
291546
281039
281654
279436
292245
284646
293583
289036
290362
284045
312887
305617
288557
301682
291030
285778
287332
298398
306645
298058
286883
283545
463235
330665
353680
295783
353832
319184
337183
296777
309448
307054
311171
294475
299670
304877
313331
292227
304535
308957
302030
296269
302929
304292
312882
299050
308043
300454
308297
296948
308728
318608
302650
317118
300331
301928
303506
301002
310255
310261
313618
383526
298338
311681
298894
306773
304269
306606
309149
316311
301246
309735
383520
299446
326901
318843
310464
309943
298662
295617
301960
296038
303637
301529
309498
307818
307115
308420
303982
344590
312836
313871
299732
310180
309564
311781
305194
314011
293222
298130
294552
321117
298692
311138
316895
301610
321768
301010
316038
324747
286216
288538
326714
325763
303931
327568
293188
309002
299112
290700
311949
302996
305511
340914
297576
326400
298938
305873
295591
327110
308042
300074
320313
317309
327463
295966
306324
307567
302278
307865
311190
315527
305563
294193
310296
294889
329858
299743
313853
296805
304338
322906
301431
297010
323411
295872
325686
296072
300248
324830
300913
309329
334858
301628
442721
294623
316973
308697
363731
305557
307825
294980
299605
315070
336949
297583
347826
296698
295737
338317
298415
363690
304532
289535
303356
292362
309728
298112
301831
300171
295821
294865
303400
300755
298464
314979
300115
303754
316952
310990
320398
296746
342195
306382
382925
306746
322174
309525
301517
324791
292923
288198
291612
334819
304792
298543
295526
302258
297964
339719
323657
318346
298946
319645
292197
290889
301241
381989
305072
303239
307864
287837
305427
293864
310071
314391
329122
297036
341106
412287
379528
304631
302979
385902
330993
308151
309822
304087
364473
313506
287436
292380
313875
294735
301013
319977
319451
320471
319336
301162
412681
301313
414547
312548
299015
308292
298703
314720
305042
307718
345894
290732
300434
306041
292454
297430
294671
288875
308223
291860
302383
292922
320751
292965
304713
297708
302284
309986
294116
301724
301397
299513
297606
301686
301445
299090
297646
286366
295061
306169
306816
302117
293588
311501
299736
310675
302417
303319
313813
294055
299375
297965
300559
330206
308425
297544
300621
293734
296269
294494
296123
294886
323303
308948
290905
300730
298897
312438
301682
301569
300568
296399
307621
296694
292742
305856
307692
295476
318233
294063
294927
305276
306722
303532
302114
295630
342956
315302
348943
318997
297459
299170
304085
309926
314767
319420
298934
289132
355630
302471
297343
301561
291034
289541
312986
314197
290488
304871
288421
298160
313164
302555
295794
311826
305246
371917
295694
292281
297263
293470
299782
292815
297610
297048
292695
306755
299530
298150
353273
445772
307951
297630
298678
305369
332334
314004
299961
314255
298119
303644
322139
299772
305233
300517
303991
307568
290941
297147
306868
298059
304492
318081
304862
308204
307116
325579
305049
300935
301255
301221
300926
296014
294527
297210
293509
290960
298247
351437
297008
297629
312905
312676
296825
303274
292201
295903
295109
313317
309629
301124
301877
294946
302980
289931
295053
315867
384912
293136
378348
312447
308731
295793
297211
303082
302394
294699
295541
330360
292442
295542
293597
289240
300876
302519
301171
311377
311787
289684
297910
309854
297795
325030
322318
301419
302624
291934
303909
447103
