1515000
986300
752533
708300
881560
963866
607400
702900
652111
746080
476690
777950
625784
503114
489786
550112
525376
616111
479284
485290
433438
489809
459043
431216
487480
426561
440696
583185
478965
503953
489819
526818
522181
508570
470257
431211
516178
464015
473030
467120
447565
483304
462111
455304
475342
647713
548425
485387
485991
480232
690517
585423
561328
532648
548832
731464
547540
591244
514396
648083
638560
481212
556685
579459
539812
692657
578585
550350
564231
580165
614408
534388
636246
574664
580861
657757
582649
623305
616655
659330
569943
580260
670510
671997
587171
815076
692128
806286
652294
608484
723674
683030
588419
637348
702204
711120
603552
641048
667620
672558
653540
656703
638196
621019
667272
652192
660097
741527
659216
742476
653176
660930
757371
740768
744238
665168
717275
729227
729393
789595
695585
667724
709403
764985
707684
725239
796497
705339
718482
730144
761497
761365
747209
801270
814008
767250
837201
789485
763332
838404
720293
777192
742415
762161
780998
781206
728325
721691
723315
767036
803180
804588
762797
795219
785774
752074
751312
834251
799191
795277
767778
813201
707073
808267
780798
740057
811391
740520
843732
802324
823325
896609
809803
790858
806934
823563
803429
818606
809833
788410
861970
950959
882634
818114
966870
917853
916850
1082877
1025830
1079318
1080891
997752
872943
885411
1083390
1133820
845635
889884
807544
926005
820057
805326
913664
840223
834604
837761
833069
827719
840244
807648
838551
788435
855017
844306
884179
891300
883072
852081
931753
877858
895225
928621
839155
900333
916209
943302
871534
863407
943530
898334
929780
939260
931482
955813
896717
899292
930972
902991
942390
878109
927338
945067
928316
946300
931737
904529
864480
923601
946525
939872
908426
899984
883049
909366
1069000
953498
870961
896547
949388
973180
906865
973387
957466
987033
958480
978553
921113
924120
916869
939875
956493
914155
963443
924706
953368
955821
976223
988325
1001043
994996
1027542
1005321
947652
927270
945910
924719
945101
948071
1005802
964457
1017272
921219
939823
1015301
953637
989162
999967
1002793
1025311
927364
917213
967886
938184
1068302
983483
989139
1007555
974808
1011478
951223
1044859
1006948
1000127
976172
980908
1018932
1012228
1001540
995910
958036
963704
963262
997510
1141584
1041605
993485
1011105
1002229
953944
996695
1045944
995853
985684
994021
1007034
964256
991541
1013081
949057
954064
1013651
1041543
1131823
1023134
963399
999590
1025197
1029889
998016
967352
991400
1061418
1059922
1014809
999004
1037791
988875
1112812
976940
1040827
1011580
995539
1104897
1117832
1183719
1277065
1685422
1031208
1696050
1435431
1032580
1063587
1029788
993428
978693
1000604
1006358
996638
973981
986711
978493
985261
979624
1003184
974465
968943
1028148
998705
987493
992212
1003427
1002550
983372
996593
992585
997030
998352
1004034
995985
1022365
1005933
992908
996942
1035594
1002566
993618
1002438
1023139
991100
1019087
1012269
1007421
1044059
1020662
1020042
1030274
1024238
1023350
1011171
1055077
1030366
1102318
1049486
1038145
1026971
1033478
1038331
1038689
1023092
1080547
1024883
1036859
1032068
1023105
1031661
1033894
1030037
1030414
1042590
1057800
1042182
1030381
1052970
1072473
1066375
1063786
1029687
1042162
1073906
1032628
1056726
1050805
1048386
1056807
1054540
1075464
1045677
1047528
1045535
1087729
1053153
1037780
1062302
1052635
1052556
1055018
1076883
1061785
1058797
1063731
1065430
1071826
1066637
1065241
1068080
1078768
1084633
1086439
1081926
1072872
1075537
1091363
1088386
1067473
1069779
1093202
1048263
1119727
1101765
1119513
1118692
1150708
1165241
1083668
1107630
1116892
1176259
1083906
1087935
1160374
1112712
1107340
1135251
1085195
1140662
1119316
1098426
1116837
1144897
1084367
1129616
1125575
1130446
1107253
1116149
1128828
1140673
1077387
1142249
1127108
1113410
1150868
1116731
1125235
1155784
1134183
1126506
1151578
1170117
1090236
1171415
1143342
1139818
1154395
1170049
1125574
1174643
1152292
1234431
1110676
1138046
1139660
1156392
1271405
1976689
1266094
1482162
1201586
1362134
1245006
1316804
1222083
1266540
1185640
1287926
1369854
1277466
1343724
1516978
1514135
1267280
1259118
1372695
1237830
1281398
1263849
1251340
1237204
1224776
1271302
1274650
1284514
1234990
1243136
1301473
1263695
1289151
1252635
1292424
1277039
1259404
1301186
1253022
1315911
1252631
1318612
1248909
1259782
1314046
1268253
1292442
1292222
1269838
1312539
1334811
1263931
1300771
1272978
1317573
1257445
1290395
1282145
1308622
1307248
1317801
1301907
1332906
1213687
1302879
1356611
1260464
1342826
1216849
1318175
1263928
1269606
1313316
1295741
1276578
1314418
1288369
1353819
1337777
1298181
1325065
1256305
1315797
1326452
1269893
1304861
1296617
1310617
1310769
1301252
1344907
1285959
1363047
1301480
1357143
1315423
1306057
1380342
1284627
1337918
1320193
1303932
1296992
1309223
1365696
1247320
1351730
1284059
1320804
1321534
1320082
1363157
1361061
1328292
1354827
1584750
1568413
1341044
1585810
1283719
1330423
1562514
1333862
1471139
1344765
1318154
1377646
1451772
1337846
1349031
1337092
1226382
1363647
1306137
1351250
1374553
1350067
1279988
1433801
1347692
1343731
1299996
1293443
1375618
1387030
1621942
1313320
1446903
1399453
1345227
1339293
1355574
1423921
1458457
1323682
1355289
1357318
1331395
1426758
1344263
1316722
1412036
1310464
1350611
1396998
1372121
1374617
1351187
1380336
1364082
1317394
1378639
1287288
1357720
1342361
1388507
1333989
1406990
1457778
1328374
1350726
1269555
1317711
1309596
1427376
1314298
1309731
1324831
1349793
1328542
1348849
1469712
1414605
1368652
1336494
1715217
1707169
1344918
1352600
1340876
1316455
1369863
1354087
1539735
2052556
1353332
1555236
1542392
1407776
1421935
1427066
1462387
1439614
1388305
1387534
1470344
1490456
1313032
1452502
1400307
1507887
1420183
1485938
1336247
1442510
1446704
1412725
1438753
1455842
1331622
1445956
1305809
1431396
1460463
1408650
1442767
1389687
1403094
1423580
1431333
1365342
1447819
1415451
1412038
1340362
1489775
1432424
1491378
1432912
1406272
1479253
1469872
1535512
1426104
1469220
1366055
1440307
1449070
1374026
1472388
1450830
1457145
1417598
1328275
1516638
1376176
1490137
1514382
1477080
1372145
1541432
1373630
1457027
1406998
1413832
1467467
1425048
1422196
1400285
1379397
1680543
1424291
1475304
1420945
1421338
1368032
1415312
1421790
1298360
1440220
1416766
1701838
1557252
1450541
1416704
1424095
1378855
1433330
1418377
1548281
1432258
1469342
1475216
1380594
1477295
1445264
1420620
1444818
1452661
1464062
1486640
1470240
1450217
1600777
1548095
1500529
1680512
1352038
1531036
1462988
1444635
1517482
1457012
1460970
1470444
1279339
1453426
1347522
1415407
1370606
1375706
1362400
1376640
1385779
1411792
1375725
1373941
1389911
1349841
1415338
1374647
1322430
1316767
1425547
1349911
1411322
1351731
1365123
1371337
1258794
1406610
1375629
1380234
1418410
1376241
1395959
1388008
1423107
1449209
1364170
1413347
1360960
1427171
1597146
1518502
1693422
1396131
1510837
1444163
1492521
1458797
1464950
1438890
1453728
1427634
1512223
1453944
1486886
1467962
1521043
1484328
1543318
1496614
1926147
1672501
1445469
1611119
1542029
1521318
1390470
1374744
1406818
1312167
1428552
1500745
1390330
1409117
1403764
1300025
1408079
1410526
1409152
1433202
1401343
1392697
1528530
1803352
1512930
1357469
1495499
1323720
1439810
1380557
1371881
1378624
1390769
1386815
1490158
1395127
1394987
1381705
1366131
1405668
1417754
1391942
1410851
1401462
1409226
1404563
1399675
1434945
1374086
1438730
1400891
1427282
1404025
1411181
1431142
1329886
1473204
1416237
1471923
1390791
1393140
1386012
1421861
1399433
1404717
1396496
1334274
1397393
1385860
1432314
1412849
1406132
1475213