1351000
834300
1252666
1119950
697160
759533
1260000
729600
588400
597800
855109
677066
522446
604971
519773
407587
371800
441577
447610
473740
370600
398172
571582
576008
426520
389207
441503
590092
443503
457920
475329
428112
455666
450152
538160
406933
406572
417573
454784
503840
402926
437814
461013
411459
425666
483230
454153
483316
448714
411576
615737
508276
506150
487707
532509
572389
548529
474193
508149
493446
480265
607480
562044
513684
439092
519224
492005
531820
525962
514862
505490
549100
521356
522675
619757
907526
480963
586633
530311
526740
511582
537673
534809
615742
543129
885502
579200
739259
575510
560311
594600
590860
648400
615485
575934
583291
667313
554508
582406
596632
525554
634592
591714
591478
601790
583350
562715
559344
652671
605789
554857
618055
672054
691817
568252
572556
615147
588759
664250
639573
635497
662380
702700
676893
639843
676560
622626
622234
654027
691120
624600
618698
622733
649037
704631
644985
691686
684076
676041
693352
659573
667387
646451
712440
694588
620773
664482
641436
655161
614508
800075
737002
729516
725211
710554
639234
678221
701562
648274
678050
748689
660281
725909
736256
703715
649266
701640
658547
702118
753998
692741
699956
709139
692066
703625
686201
718164
686776
731546
668502
702311
886605
765314
764759
924126
759604
763444
826163
877251
824272
846613
799736
792082
760774
931727
945711
724091
782105
723066
742405
795747
727335
801828
717651
721992
730123
719238
870852
753569
711677
724709
723668
725723
772972
821173
742967
748889
743698
727088
756383
755800
767875
733004
732749
809720
954597
786303
741964
807120
756332
809572
805520
819684
735423
745265
802734
829723
804894
776835
767435
743767
780875
755358
799789
769566
759118
799053
767254
802652
872972
825759
848765
775351
818100
802750
796444
770604
818739
793998
777786
774081
840519
860374
814575
859084
872921
785689
884682
837797
783707
879893
808026
793144
871664
805864
855258
844292
857019
921626
794851
888600
873062
857414
813233
886507
832326
855836
840658
839735
872513
891006
817186
815881
902802
831785
860312
908285
856300
902608
828664
848864
878247
818165
871988
908407
869335
886208
917724
818532
919107
920145
978564
877403
839129
833473
921191
891109
852440
888618
851021
870297
850537
904618
838854
955104
883127
947308
865716
867877
895408
907392
850786
933378
846428
894059
849095
854442
873138
862299
885164
879721
914895
894082
920401
864762
889779
868251
905309
864448
866485
878987
917678
908595
916680
906232
965675
896004
990406
885385
955722
1026726
890664
951077
1049018
979753
1596300
1125556
917041
1281028
1057305
896276
987426
885255
936203
893306
1007369
959634
958672
889764
879248
888638
872261
887773
875503
881444
866505
901464
874944
905748
884071
881620
879023
881047
891157
931090
878042
910562
889810
912556
903565
897298
883052
889754
923354
896629
882299
921096
899037
886728
915306
910942
902496
891382
925933
908485
925056
925384
900035
918370
928060
923723
920192
898165
905353
917241
910341
904817
922061
928517
923768
921357
922450
936847
931669
930784
914072
920261
932280
935379
930059
908917
943243
1153438
920225
948675
933256
912584
939002
912928
929762
920920
941607
940058
938323
947877
933056
930708
918934
939227
945506
992792
941646
965283
939236
955592
955748
937524
979076
958317
953658
1057095
986295
941994
955479
957926
962267
963550
977884
966411
949484
966093
967135
964145
954518
942887
991865
963624
1023683
967408
1019966
1030066
1029586
975967
968010
996761
961347
978128
987681
978103
962415
969665
976093
976571
992146
969519
991374
974966
1013074
983341
991144
1003518
997063
1020680
996470
991169
1075426
993511
1000247
1012100
996413
1000160
999698
976764
1004478
1004560
996941
1001203
997230
1007352
991416
1012034
1002616
1002235
994050
1026443
1006266
1048480
1016166
1007227
992998
1011311
998887
1007640
1025493
1454175
1190791
1181358
1064727
1228448
1282262
1042647
1060949
1056079
1170581
1103653
1246635
1341892
1203243
1244531
1169593
1120154
1115307
1100102
1135317
1097125
1183516
1134084
1107430
1112662
1119390
1092723
1120208
1091352
1187493
1119466
1183711
1146489
1128918
1139680
1149082
1183625
1126092
1134172
1110676
1111285
1121662
1105235
1214296
1167269
1286688
1134806
1131523
1117594
1141677
1129343
1128151
1151368
1158852
1110767
1150344
1152492
1174010
1176152
1132964
1129197
1150657
1195927
1152336
1143910
1143317
1139931
1117971
1138116
1166049
1151024
1134902
1153540
1134194
1307112
1152331
1166324
1165589
1146708
1188593
1162772
1140063
1153801
1174522
1166084
1257111
1158315
1162325
1143396
1172323
1154820
1211548
1261245
1203512
1143318
1147346
1145537
1178357
1112371
1170499
1168729
1168734
1227331
1144319
1143092
1101312
1160997
1167230
1214419
1183714
1145653
1217556
1176424
1311849
1172009
1331204
1287611
1248967
1277413
1167916
1232838
1289995
1190378
1416950
1202292
1159497
1273156
1212788
1195832
1172197
1177078
1160682
1187694
1185147
1213081
1165777
1168607
1133183
1254943
1181931
1166985
1193157
1141341
1201713
1171779
1703716
1153493
1166999
1186522
1188149
1183442
1241010
1278032
1190165
1177741
1212272
1198341
1208378
1189790
1217316
1188762
1205884
1163161
1185212
1136583
1215345
1228421
1368564
1212483
1185064
1178740
1166858
1180660
1180762
1258603
1208600
1179729
1201845
1183143
1186233
1136732
1264527
1168320
1187403
1150401
1151924
1167948
1165833
1143147
1151426
1188784
1210681
1232853
1214763
1175867
1394589
1361390
1246750
1200072
1200841
1196255
1205323
1233917
1316524
1272173
1276141
1367167
1243155
1284024
1256919
1265223
1304841
1256545
1227089
1303555
1256908
1264160
1224895
1224185
1268965
1303667
1275539
1245616
1305285
1269110
1214613
1272590
1300183
1290388
1289705
1237612
1238981
1249265
1256483
1238078
1277050
1277535
1221691
1286371
1266492
1221349
1283399
1254735
1234627
1269000
1283989
1277237
1280866
1260669
1246184
1277008
1323653
1255305
1224837
1298297
1283872
1251969
1266300
1304819
1272818
1367660
1260364
1263918
1260960
1300156
1317993
1336636
1309685
1312192
1215598
1274758
1239943
1213353
1309004
1330855
1269781
1241837
1234926
1237997
1448549
1422128
1237009
1289594
1269046
1246239
1220657
1246095
1231482
1213202
1323250
1216649
1262415
1408796
1244583
1357690
1254324
1337096
1263900
1283560
1298189
1270005
1260323
1240112
1285264
1395409
1276712
1252815
1315688
1269795
1255266
1261622
1291844
1341379
1288927
1283845
1291818
1298283
1246829
1267530
1272155
1277464
1325191
1316038
1275124
1228114
1232462
1210482
1252131
1218927
1181254
1226536
1190022
1229233
1154166
1274192
1226147
1205785
1225557
1225926
1251494
1199583
1207764
1200010
1236356
1280798
1216346
1189881
1212601
1208987
1208888
1219855
1266759
1198797
1224628
1204075
1234540
1277871
1253208
1270211
1218121
1242967
1248108
1220915
1360998
1454179
1347437
1387912
1312511
1297216
1233535
1269080
1272064
1362996
1331705
1286571
1306435
1317924
1290793
1273562
1289275
1326011
1285195
1355139
1422292
1358259
1278591
1314444
1292545
1230394
1269605
1258747
1265192
1228001
1247244
1238200
1220554
1241700
1234362
1305070
1318100
1283447
1230743
1259084
1262619
1362400
1536807
1435344
1277764
1440788
1247210
1219433
1205505
1262081
1230713
1195000
1233058
1191918
1251945
1244970
1223479
1218306
1243219
1269037
1257991
1245126
1219965
1226419
1248811
1233874
1284341
1240594
1236541
1236213
1250538
1236062
1247136
1149181
1255806
1260973
1218102
1249150
1236465
1241547
1231803
1251227
1247031
1255690
1238337
1241899
1312494
1238119
1228797
1312633
1265605
1237039
1284850
