618402
472800
414600
391750
393640
363400
387571
464750
463044
396060
418254
395533
400153
400057
432360
394250
389458
492355
553989
479470
440495
418191
535521
436291
450151
437438
424192
404285
398379
423200
478232
430206
451527
474082
511091
545600
472810
417689
479128
425335
530639
443638
403581
484390
417493
488839
380234
460000
405579
416552
442176
419346
470834
428892
422716
463878
524189
603941
546532
521066
559521
564435
564415
575928
606735
591890
571785
552817
532431
572057
546059
745355
547956
594289
558381
809749
588215
584100
606156
555915
559639
554221
615669
581633
619167
541344
565416
603738
609831
594675
591494
578630
575713
702810
601084
561722
736408
589669
621137
581526
853093
607649
608959
712732
602236
829473
631125
589677
626264
663821
667371
613319
613968
622977
663252
608875
617464
618330
653265
630975
685578
714763
645219
654629
633296
651550
653426
638809
682496
701544
679366
693675
740804
679335
625214
655266
700040
685098
649004
639655
727082
672360
808935
694512
795870
712408
655121
694667
669720
686324
730962
695688
707481
757950
655216
704761
793699
787673
679561
701565
834598
723792
762550
820947
849813
833045
731570
721546
710046
736017
696375
736191
818396
757821
696273
681578
702600
768907
732181
690997
734558
729639
731748
740203
715934
777815
736735
824221
710356
736032
751180
725476
749887
782752
733717
765419
743305
769792
759989
805670
745171
771288
751312
750845
732734
770790
753728
781672
738970
769701
804150
810392
771446
799549
756850
802787
772877
771370
816125
816859
803127
810232
766710
781357
782024
797185
789652
794699
845815
796992
773974
831714
792885
798198
803271
787615
770807
795473
778331
798395
992682
792147
818921
838713
797586
921585
800769
956895
795528
843823
800991
950639
806635
964749
832240
833339
842629
804744
851046
840770
806806
825856
832726
850494
832258
823573
793419
821556
813126
844542
811425
813480
904383
823317
817677
819469
848020
840907
848052
807399
813358
842715
810937
829790
834776
866968
832280
831024
827802
837656
846060
842694
843868
846872
858812
1006581
857565
844574
844456
1016283
838720
860393
834626
857943
851012
850130
839870
839688
832515
886103
898868
865270
875633
860877
856563
842675
868087
846251
889515
906848
929041
853820
864404
874345
878371
958779
876954
903250
889015
895360
885250
886648
900308
873753
900755
888884
887973
889535
876874
1019745
887998
885870
896148
879681
889154
883489
887034
875612
898205
892533
961485
876060
945905
930831
910402
910234
915961
925358
882629
910526
951403
900863
910953
926897
927376
915761
901270
890871
931369
941848
937284
925988
962111
914125
957610
947819
906709
917615
1060806
931500
934318
918030
941912
942572
950340
905185
902295
916267
944726
950223
937780
929919
914727
911231
988589
1007043
960760
932700
981075
952551
943243
921779
982753
979867
931207
952845
931036
937131
935713
979931
957715
937610
948093
937025
930506
958829
960957
982668
995624
972276
985946
983655
988599
954347
966797
954003
944394
932003
979056
972735
964946
997826
950099
969754
983707
948815
954189
950719
967116
961980
966084
988898
959120
1013400
974420
955356
955599
952749
972416
987009
969827
942244
946762
973181
974925
1005045
1005988
961757
974972
980363
980143
975342
1000391
995331
981215
995219
984905
994073
988646
1008682
992518
971321
1090800
977975
987214
993296
1000909
997552
991089
1008009
1011268
989030
991958
1030307
985153
1014880
999857
971426
1023751
1064122
1062261
1034418
1033503
1029521
1026571
1108287
999777
1012997
1099910
1020117
997755
998336
1001560
1014701
1003128
982148
1013839
1053372
1017922
1013454
1018125
998567
1027561
1039676
1004587
1014853
1035546
1013203
991127
1011970
1054703
1042630
1038556
1016175
1016014
1029653
1049513
1056218
1087193
1085849
1079663
1146804
1029825
1026892
1046550
1046458
1042471
1193830
1059920
1367548
1087260
1070441
1058390
1086625
1195775
1090832
1219435
1225143
1336143
1205855
1140953
1084239
1124234
1178750
1147428
1201870
1185602
1200405
1212548
1103532
1133220
1185717
1129083
1126818
1152792
1120843
1137675
1144301
1129789
1174628
1168618
1156243
1130908
1142675
1134919
1149267
1055407
1145947
1120686
1146339
1136933
1137987
1132321
1208879
1125842
1237912
1161902
1087887
1183027
1165498
1148165
1151036
1123383
1144194
1140610
1153518
1087974
1143318
1168965
1137624
1155912
1118554
1183108
1127818
1155687
1187608
1179986
1203660
1229346
1185341
1138616
1204866
1206757
1172353
1178015
1155712
1160640
1155924
1182034
1159238
1150240
1203605
1160937
1199721
1199259
1192676
1175753
1109897
1184454
1173705
1130869
1182339
1168393
1123066
1188901
1183004
1111246
1195761
1158614
1167189
1255445
1164670
1172963
1119751
1144456
1241475
1225246
1225983
1196841
1201415
1140443
1197517
1164633
1172845
1222892
1214016
1145092
1348931
1166701
1193161
1174766
1200652
1120143
1176900
1194252
1121993
1156530
1112815
1267106
1143850
1204799
1185102
1293717
1249215
1260125
1217054
1259062
1229746
1269004
1209859
1202392
1221708
1225072
1215167
1236738
1243148
1271789
1122832
1165487
1226470
1172794
1283389
1283297
1297859
1257138
1204101
1300551
1224231
1450371
1196767
1206986
1193811
1210109
1247808
1247709
1177118
1199258
1196502
1211371
1197155
1194389
1280766
1222459
1229408
1223562
1211597
1156411
1355965
1253369
1237340
1241611
1269499
1244060
1252341
1320877
1260339
1379254
1161558
1212055
1244020
1243293
1240100
1155152
1204788
1281656
1334920
1222705
1250952
1240433
1214333
1236083
1361700
1360122
1525193
1207930
1205466
1182995
1498378
1246981
1215167
1302323
1183063
1188341
1156408
1183516
1326332
1208896
1187633
1214241
1172649
1435437
1242932
1408408
1202221
1454543
1708895
1520160
1399024
1596715
1302170
1594992
1240292
1295103
1263149
1265254
1269442
1280633
1463575
1312671
1345849
1396129
1222542
1453001
1783682
1380994
1279019
1241492
1396259
1269440
1273763
1298076
1309894
1235804
1242033
1210028
1398049
1251803
1297272
1270207
1288522
1239646
1212499
1384310
1230879
1288398
1207927
1212153
1262954
1214913
1273866
1285875
1188576
1266481
1223557
1209049
1237216
1273814
1265747
1262287
1239800
1197665
1175291
1312693
1276500
1230947
1244258
1314550
1244347
1228772
1246428
1323294
1280595
1213904
1242796
1254955
1304083
1290185
1193461
1232848
1123477
1228227
1253978
1215963
1253876
1212970
1249947
1336903
1246659
1389250
1317713
1280161
1216823
1253147
1234007
1300417
1255169
1194876
1247777
1259534
1231428
1215734
1254000
1221156
1284729
1270986
1258462
1293890
1225156
1353385
1207860
1421216
1277753
1403993
1340810
1244625
1564030
1442614
1383327
1276414
1311583
1349696
1245913
1288853
1250096
1293600
1281156
1278356
1347850
1285107
1265645
1276585
1262808
1308550
1282874
1336258
1329676
1279662
1277742
1196538
1303524
1292019
1262688
1258229
1253519
1249577
1315354
1253176
1479237
1236905
1305692
1314499
1353707
1254400
1295121
1311530
1303532
1379317
1345707
1220625
1299084
1357652
1264284
1275644
1342974
1286380
1310486
1228559
1384196
1345788
1297488
1321397
1275227
1271395
1323933
1275067
1301574
1359045
1332973
1307728
1282781
1285133
1332097
1191808
1290013
1245033
1297893
1196008
1257462
1301621
1263694
1287758
1321183
1231197
1286949
1331279
1270798
1294252
1193988
1277021
1282834
1257398
1272859
1244416
1218181
1293634
1286679
1303616
1499260
1338246
1171892
1314182
1311815
1304834
1354153
1305129
1290023
1377495
1346300
1313346
1301406
1308688
1246585
1289729
1201931
1252669
1292854
1291767
1299299
1279160
1315110
1376948
1341609
1317708
1445782
1593356
1282234
1302165
1295322
1230398
1422395
